112735987
112740987
112745987
112750987
112755987
112760987
112765987
112770987
112775987
112780987
112785987
112790987
112795987
112800987
112805987
112810987
112815987
112820987
112825987
112830987
112835987
112840987
112845987
112850987
112855987
112860987
112865987
112870987
112875987
112880987
112885987
112890987
112895987
112900987
112905987
112910987
112915987
112920987
112925987
112930987
112935987
112940987
112945987
112950987
112955987
112960987
112965987
112970987
112975987
112980987
112985987
112990987
112995987
113000987
113005987
113010987
113015987
113020987
113025987
113030987
113035987
113040987
113045987
113050987
113055987
113060987
113065987
113070987
113075987
113080987
113085987
113090987
113095987
113100987
113105987
113110987
113115987
113120987
113125987
113130987
113135987
113140987
113145987
113150987
113155987
113160987
113165987
113170987
113175987
113180987
113185987
113190987
113195987
